image_width: 640
image_height: 400
camera_name: narrow_stereo/right
camera_matrix:
  rows: 3
  cols: 3
  data: [411.915185, 0.000000, 305.370275, 0.000000, 411.164614, 204.013234, 0.000000, 0.000000, 1.000000]
distortion_model: plumb_bob
distortion_coefficients:
  rows: 1
  cols: 5
  data: [-0.019656, -0.019447, 0.002812, -0.003335, 0.000000]
rectification_matrix:
  rows: 3
  cols: 3
  data: [0.999775, -0.004894, -0.020643, 0.004860, 0.999987, -0.001695, 0.020651, 0.001594, 0.999785]
projection_matrix:
  rows: 3
  cols: 4
  data: [414.549249, 0.000000, 314.232487, -33.109935, 0.000000, 414.549249, 205.754677, 0.000000, 0.000000, 0.000000, 1.000000, 0.000000]
binning_x: 1
binning_y: 1
roi: 
  x_offset: 0
  y_offset: 0
  height: 0
  width: 0
  do_rectify: True
